7483
5636
2166
1982
7073
7183
4318
3129
7001
9171
3300
9964
2571
3623
7269
5474
5075
3643
7812
8349
7416
7731
3802
3978
9914
3402
4668
5274
9492
6898
7528
4404
9206
9555
2355
8729
9698
1750
8871
3142
2640
8992
4713
6071
4691
4849
2351
8594
9655
3815
6011
1371
2436
7359
3732
9794
1894
9129
6457
4494
4428
9205
7706
4980
9338
3198
3802
4773
1351
9791
1476
1570
5533
3972
9671
9736
7345
4589
2564
6123
3878
9906
4545
8082
3401
2740
7993
4719
1409
8499
9765
7603
1219
6321
7027
3203
4391
8731
8515
4819
8077
3638
5997
7815
9490
8956
9738
9283
1057
3258
9014
7003
2579
7181
2642
6885
9217
4975
5887
8163
3207
7345
3143
7875
7203
8755
4855
7921
7239
3622
6272
6023
1392
4970
6395
1088
3705
6103
6011
2144
6134
3456
6777
2600
8584
1479
9471
5382
8354
9766
7997
8603
7040
1796
9760
7680
4518
7975
7764
8379
7358
8943
7373
7497
2782
8651
8467
6179
8937
4625
9300
9263
5821
7802
6648
3615
9581
3919
8371
7966
6311
1452
4540
1426
9315
8312
6819
6489
8936
9951
4973
2055
7680
6468
1613
1348
9109
9844
3380
2079