27152176
27984876
27387737
27647706
27776053
27102594
27427277
27012601
27171339
27126018
27389054
27517132
27301273
27833002
27777588
27297184
27232320
27026891
27424585
27378678
27849639
27192944
27644072
27222874
27897508
27589989
27850925
27527806
27266863
27946246
27642606
27487711
27685199
27277424
27099422
27451303
27163490
27010708
27711483
27226221
27107982
27213617
27396307
27376757
27437088
27876216
27411363
27941119
27197429
27577631
27629645
27563870
27209092
27340808
27933993
27227714
27165729
27502623
27977940
27256769
27363351
27038337
27797249
27921820
27102752
27607414
27753291
27590478
27464498
27166024
27849885
27886016
27509034
27719116
27112314
27932500
27421641
27910445
27010827
27195699
27484493
27660560
27746646
27346879
27196423
27673800
27171948
27973737
27440995
27273082
27099749
27425710
27490075
27346477
27560244
27030666
27948570
27218541
27725493
27937503
27564375
27286182
27774013
27780852
27964962
27033432
27389079
27777859
27083936
27877324
27988047
27152421
27464037
27224904
27721149
27100534
27746498
27738327
27437240
27501118
27467218
27345753
27472458
27263412
27919245
27540823
27363906
27433231
27713626
27512853
27185006
27773065
27652148
27849278
27994584
27845135
27560981
27710300
27922422
27740826
27071591
27894823
27661477
27151789
27149799
27294530
27624683
27030138
27588198
27192559
27472567
27341121
27455246
27885912
27731390
27716455
27154591
27531284
27937817
27095790
27394396
27544120
27968823
27253451
27548232
27767470
27058326
27752018
27875946
27255672
27584898
27149515
27880671
27503257
27284830
27913137
27097232
27602094
27586642
27575772
27923353
27510501
27656522
27860363
27613543
27297857
27419703
27606783
27134756
27346152
27400609
27618135
27103659
27376339
27588601
27039272
27395521
27200870
27848946
27757703
27671803
27836664
27252508
27381952
27229647
27494520
27028321
27167632
27307825
27012813
27076638
27331481
27424491
27613363
27685022
27393562
27969875
27682621
27735922
27044107
27574477
27246060
27505741
27387862
27684872
27697681
27236892
27026933
27676625
27444592
27422747
27504209
27295356
27404325
27557320
27619321
27265431
27096012
27864749
27671444
27462528
27907007
27363200
27395853
27276377
27665001
27805299
27380304
27523665
27599599
27427760
27331990
27986739
27219862
27404941
27321096
27722418
27950888
27211283
27293387
27190157
27815622
27574835
27287387
27301672
27580026
27674497
27678799
27023871
27266586
27324868
27075470
27132283
27455967
27092272
27318112
27467416
27302425
27791409
27652673
27327644
27546702
27611640
27633713
27498393
27182838
27627954
27953714
27040815
27679677
27818848
27324292
27680471
27013003
27906371
27130940
27858628
27240976
27060155
27897837
27411251
27471989
27170952
27015580
27675415
27609245
27366172
27099076
27263649
27889659
27301309
27825355
27993153
27384441
27890025
27938179
27813109
27515858
27808529
27823124
27436907
27017042
27370985
27535032
27363837
27792143
27560359
27652885
27795230
27215793
27188340
27175795
27005783
27758587
27824771
27351155
27971029
27579628
27214776
27199546
27414494
27828327
27137271
27597400
27606640
27112850
27524685
27361270
27314170
27360012
27497312
27602762
27159985
27229731
27182239
27088664
27556415
27812834
27341169
27485265
27637392
27167037
27479572
27041230
27848148
27814053
27221310
27567752
27418044
27841090
27950585
27480986
27559720
27777604
27730563
27167423
27146125
27969439
27452892
27039254
27483383
27090806
27612347
27697257
27631003
27371379
27720071
27895870
27777483
27994152
27987124
27431371
27570593
27265851
27102351
27786460
27946872
27633809
27012835
27079934
27604742
27275575
27977636
27972622
27988401
27417953
27620999
27189403
27452302
27883888
27038422
27977753
27770223
27694714
27024875
27632854
27849064
27439288
27643275
27290650
27082451
27321271
27584796
27800360
27008929
27295613
27290341
27499313
27691419
27011234
27892097
27270213
27224936
27396926
27744659
27354068
27459447
27076223
27211914
27449221
27776082
27426702
27698405
27266833
27880238
27153942
27052963
27368146
27982113
27134047
27892019
27732541
27625783
27105511
27271772
27532597
27970885
27052923
27745693
27760219
27661949
27093356
27267696
27499759
27660297
27939022
27344088
27236975
27818215
27498431
27314119
27775152
27353225
27520887
27280574
27559061
27263634
27189650
27114984
27332956
27619817
27284433
27665559
27027922
27642848
27648817
27142775
27124776
27172835
27956340
27587296
27480659
27306363
27888427
27222577
27825668
27136238
27798820
27334780
27844258