12 46 76 93
49 43 93 23
13 28 87 71
70 22 63 59
34 69 92 53
17 33 79 60
98 69 97 15
87 69 66 32
63 68 92 89
30 85 89 37
94 43 95 74
79 57 22 11
12 31 88 29
50 24 39 62
86 21 94 26
24 12 85 39
82 95 45 68
90 98 92 77
21 54 16 22
58 68 37 28
75 60 91 75
14 33 52 10
77 74 72 26
80 51 41 11
82 20 45 22
67 27 30 37
61 62 83 54
39 16 44 83
93 25 17 89
35 39 28 41
30 16 45 49
21 73 55 53
61 17 22 37
23 29 86 15
29 18 52 25
44 44 82 38
15 97 81 89
34 14 29 73
26 91 77 53
88 83 86 21
62 19 40 90
50 44 47 85
45 90 96 18
55 40 36 26
27 21 71 37
87 59 84 95
79 20 64 80
32 35 98 88
34 23 27 53
73 78 40 81
82 34 36 23
41 65 25 34
43 94 72 16
48 33 71 40
29 54 11 99
33 56 14 64
13 97 38 95
49 19 71 58
31 96 50 56
16 99 57 91
24 61 49 33
88 84 15 75
61 15 35 79
72 20 46 17
80 70 99 41
64 81 38 84
20 87 47 36
77 75 92 63
18 41 69 23
78 66 54 80
10 76 99 55
91 19 59 86
52 26 18 62
10 57 97 74
11 57 70 24
96 31 76 43
46 76 63 40
42 90 24 32
51 56 78 65
13 10 48 12
51 74 32 14
28 13 46 47
60 36 98 55
36 42 19 17
31 31 47 38
42 64 68 66
45 83 25 11
42 65 19 25
58 20 85 59
43 73 39 84
27 44 12 70
51 66 67 38
67 52 50 35
60 96 28 93
35 42 65 48
27 13 30 72
48 58 94 56
46 67 32 81
18 14 30 78