1001 1003 1005 1006
1003 1006 1003 3682
1003 1008 1008 1002
1004 9767 5925 1009
1002 1001 1001 1003
2419 1001 1005 1003
1004 1000 1009 1002
1007 9747 1003 1001
1009 1003 1008 1001
1002 1002 8438 1007
1004 1000 1006 1009
1001 1008 1002 1008
1001 1000 1004 1005
1003 1001 7906 1005
1003 1007 9777 1006
1001 1001 1009 1000
1007 1004 1006 1007
1006 2467 1001 1005
1000 1004 1002 1006
1000 1004 1001 1004
1003 1003 1000 1009
1001 1007 1001 1007
7700 5730 1002 1006
1009 6139 1003 1002
1004 1006 1003 1000
1003 1006 1004 1006
4414 1001 1006 1006
1002 1001 1002 1002
1009 1002 1007 1003
1003 1000 1001 1004
1009 8076 1000 1000
1004 1007 1002 1001
8595 1004 1000 3117
1004 1002 1006 1004
1000 1008 1005 1005
1008 1005 2601 1000
1000 1009 1007 1004
1001 1000 1007 1009
1000 1004 1008 1001
8900 1008 1005 1005
1003 1009 1009 1002
4711 1001 1005 1008
1001 1005 1008 1002
1001 1005 1002 1005
1002 1006 1006 1004
1006 1001 1003 1003
1009 1005 1008 7812
1003 1003 1007 1006
1008 1007 1001 1007
1000 1005 1000 1001