3570 3150
3819 3397
3661 3081
4000 3359
3886 3278
3955 3040
3840 3057
3928 3110
3860 3087
3511 2963
3746 3296
3724 2687
3709 2900
3727 3190
3756 2974
3750 2696
3767 3313
3972 2680
3521 3020
3786 2547
3833 3275
3884 3023
3879 3196
3915 3494
3522 2944
3853 2569
3788 3097
3551 2568
3856 2875
3520 2666
3785 3047
3792 2785
3952 2723
3719 2789
3976 1989
3660 2716
3690 3099
3793 2622
3696 2621
3699 3058
3574 3164
3798 2848
3901 2591
3717 2607
3610 2970
3739 3289
3794 2855
3969 2898
3529 2879
3956 2738
3989 2634
3873 2517
3618 2831
3902 3011
3573 2616
3782 2752
3531 3454
3525 3291
3743 2630
3671 2582
3814 2895
3852 2779
3862 2842
3947 3325
3773 3017
3986 2704
3674 3372
3762 2543
3850 3493
3975 2803
3977 2649
3984 3172
7202 3602
3810 3096
3670 3473
3874 2601
3865 3003
3504 2553
3953 3323
3789 3374
3995 3485
3738 2884
3548 3208
3603 3329
3632 2715
3868 3365
3909 2906
3783 2954
3821 2904
3934 3111
3563 3375
3806 3357
3759 2822
3728 2508
3826 2637
3734 2860
3990 3260
3893 3389
3654 3134
3617 2794
3514 3417
3983 3306
3818 2705
3736 3213
3693 2883
3539 3183
3555 3367
3957 2758
3787 2615
3867 2684
3888 2573
3641 2980
3675 3022
3816 3486
3636 3035
3576 3370
3910 3430
3664 2510
3721 2736
3944 3453
3878 3342
3683 2880
3649 3222
3607 2642
3905 2984
3611 3431
3770 2816
3708 3460
3745 2577
3643 3127
3635 2921
3966 2841
3586 2793
3549 3046
3533 2706
3553 3123
3899 3332
3584 2741
3919 2602
3761 2826
3752 2703
3943 3105
3760 2549
3870 3133
3938 2873
3845 3211
3925 2949
3763 2838
3621 3173
3572 3343
3800 2915
3854 3320
3646 2524
3962 2542
3657 3339
3978 2801
3776 2987
3550 2768
3668 2673
3897 3377
3820 2527
3510 3319
3742 3026
3971 2791
3508 3235
3599 3138
3513 2761
3929 2783
3812 3188
3714 3069
3808 3451
3582 3125
3673 3161
3623 2731
3544 3088
3781 2899
3894 2916
3642 2939
3842 2670
3515 2502
3733 3043
3765 3038
3731 2665
3669 2664
3711 2604
3811 3380
3679 3258
3974 2518
3831 3050
3843 3136
3911 2958
3832 3098
3705 2545
3960 2935
3857 2624
3775 3488
3777 2990
3585 3310
3999 2922
3764 3000
3615 3440
3528 2975
3613 3187
3516 2628
3647 2994
3875 3115
3672 3287
3968 2863
3558 2792
3628 3225
3686 2533
3722 3371
3634 3496
3534 2612
3700 3700
3834 2981
3872 2739
3749 3001
3937 3059
3827 2745
3624 3228
3532 2737
3754 2902
3650 2840
3891 3024
3766 3464
3517 3151
3896 2695
3659 2663
3666 2781
3612 2728
3698 2773
3994 2951
3505 2808
3562 3051
3701 3398
3805 2948
3797 3083
3702 2644
3575 3181
3723 3165
3630 2578
3980 2559
3725 2923
3815 2844
3791 3366
3700 3227
3917 2640
3979 3174
3542 2519
3694 2548
3629 3251
3590 2540
3927 2733
3559 3048
3676 2724
3828 3295
3935 2572
3747 3071
3713 3144
3547 3434
3605 2913
3918 3010
3796 2566
3801 3201
3809 2771
7198 3600
3838 2920
3864 2800
3931 2538
3569 3103
3930 3411
3606 3415
3964 3396
3663 2571
3526 2509
3942 2676
3556 2890
3941 2669
3965 3176
3802 3351
3601 2750
3726 2953
3644 3331
3656 3130
3946 3029
3564 3428
3991 2606
3744 3027
3913 3381
3837 3280
3684 3207
3940 2688
3597 2611
3858 2804
3817 2819
3753 3019
3561 3247
3830 3166
3851 2881
3524 2514
3622 2660
3824 3311
3685 2674
3959 2893
3774 3480
3687 3373
3535 2525
3807 3049
3503 2859
3813 3444
3595 2675
3804 2529
3741 2869
3997 2749
3880 2867
3678 2550
3841 2651
3976 3281
3961 2513
3881 3156
3877 2627
3829 2772
3871 2897
3571 2536
3704 3148
3501 2766
3577 2623
3627 3334
3598 3139
3712 3303
7200 3601
10 10
3755 2561
3772 2929
3906 3013
3652 3348
3992 2868
3546 2609
3691 2849
3923 3189
3844 3229
3900 3028
3665 2702
3538 2725
3536 3095
3600 3352
3920 3203
3732 3160
3859 2625
3908 3080
3695 2967
3545 2788
3592 3108
3836 3301
3803 2886
3863 2756
3981 2934
3519 3274
3784 3457
3730 2534
3945 3461
3583 3231
3594 3063
3866 2531
3557 3350
3692 2583
3639 3102
3779 2580
3758 3154
3509 3142
3588 3191
3903 2581
3710 2961
3996 3272
3846 3186
3587 3346
3987 3052
3523 3100
3869 2599
3904 3085
3506 2748
3507 2515
3751 2909
3565 2821
3883 2764
3954 2751
3822 2871
3885 2654
3716 3116
3689 3317
3651 3401
3703 2799
3771 3439
3729 2901
3593 3168
3677 3333
3914 2828
3626 3286
3916 2500
3876 3385
3579 3072
3970 3169
3662 2708
3552 2635
3620 3378
3707 2940
3985 3400
3895 3349
3580 2971
3700 3701
3625 3090
3855 3200
3948 3379
3653 2865
3912 3149
3720 2797
3993 2596
3543 3386
3581 3221
3757 3270
3835 3217
3892 2930
3502 3337
3645 2815
3740 2837
3890 3155
3790 3298
3939 2811
3667 3353
3541 2763
3882 3086
3921 2537
3688 2587
3530 3210
3988 3471
3748 3042
3655 3316
3554 2834
3631 2927
3578 2787
3682 3294
3648 2996
3936 2546
3540 2522
3907 3002
3973 3239
3967 3074
3922 3120
3560 3092
3951 2976
3735 2683
3898 3455
3697 2832
3769 2957
3768 2757
3949 3219
3596 3399
3926 2668
3933 3015
3568 2931
3609 2889
3924 2926
3982 2817
3847 2613
3638 3045
3637 3463
3799 2888
3825 2983
3963 3140
3616 2657
3567 2952
3512 2810
3823 3007
3602 3497
3889 2646
3604 3016
3700 3702
3718 3076
3932 3478
3681 2503
3589 2726
3658 2740
3566 2570
3839 2735
3958 3185
3518 3117
3537 2861
3715 3390
3848 2942
3633 3394
3737 3345
3795 2585
3849 3456
3591 2593
3780 2862
3527 2641
3887 3300
3619 2544
3608 3382
3861 3008
3680 3412