117773
132728
172254
174228
190845
125580
184466
169396
179183
167172
119489
141833
194272
172829
100250
177975
112280
182547
153817
151130
187996
163775
164724
117663
155571
140550
140978
177232
181626
196104
193633
166142
152487
181654
132061
111299
197114
152213
193107
131939
166785
157010
148775
198622
120589
109479
155376
182406
190324
174334
166412
139321
136007
196206
143828
192332
122725
114957
114794
167339
161779
182629
199050
138410
127074
125067
169515
156677
192708
156969
158267
114240
140632
153421
131634
194148
196174
108749
185852
167552
111808
192644
185498
139268
199876
115338
187411
143856
121360
131262
135586
162548
118419
121109
122542
186013
185513
113729
122481
103927