6544804601
14922598635
26479279162
35732737962
37535217797
40033465882
40093534635
60727252759
66829555937
88177883635
94132896873
126132691663
144390075911
174189884064
188706518039
225048012421
247782977910
331820674929
431883124859
643488060591
719382088285
896859956960
1117690046190
1212917428296
1239781506125
1302469927438
1416800865740
1449899856884
1540929893768
1630652090427
1763197959726
1781303920905
1874644136872
1964172091591
2129556954113
2302750142765
2484165587800
2531381831730
2568853257743
2811730443179
2924495601069
3094156216294
3099786794037
3123952470653
3191810656594
3247677321103
3573006864299
3770433195789
3928966807153
4370913679336
4537686081904
4556523548241
5254285971169
5265649741675
5393762295012
5590789175039
5716783886038
5741641818689
5898864038767
5972080747802
6064118933610
6239125873185
6281197197534
6355535794229
6383693048059
6418265606667
6486394986216
6528182648563
6566031916898
6697786484990
6923633800643
7072077048252
7139257565876
7165435359490
7236918970625
7306635907183
7328560040871
7336696380311
7412883510783
7429111599773
7462159517929
7774052377199
7864444967173
8125173771021
8204717503849
8206064130195
8256314312836
8283945756052
8657350979166
8666566295631
8713198925912
8950909738102
9031932018041
9103165776022
9223309727680
9303939519030
9433521321406
9585036686031
9857885761948
9999078031654