99999999999999097348778096991195874605691581725131837652420749659677716722567891649759830013678679064889687277159472800213330717424806344619793324300815956748988502542720204073
99999999999967612992373011914686409351633561418114525509082636335361809202841219602783586989764157023784467744363084854671511054480866304288357187770565260149418151675631381116
99999999999995919999179399124951896925821421277774256231367179407632394218452178853592739487545245677481138269872284155869740550544996835760584686050741786711385795845515855419
89999999999999999999999991566472162081453770971099636341641902486856109974832257442831807592769999973606694467783374349022949745901845869730164924536962643091423706161916126518
29999999999999599999993215344843426119814646342785029641785939043439740905032141639999999786999999995741599999978210790383849695105136509568488669265847327538674070592746895624
93499999999930099999995527667489581368823777777515589158721816205582143143322769739999999999999999999999999999997882369997583955230282103371789567665990802235115540434760702683
79999999999925362499974375417879096202713893685696923201777724872845133599999999999999999999999999999999999999999999999999850144684875147166151165463413135379436799763385098388
34499999953272684577168322495204951217186501330676282153476525389936477159999999999999999999999999999999999999999999999999977307997848688926480601092663401991194443687095775674
11999999923480805935458279486996749889934314323997901912155619896399996999999999999999999999020599994530299999999999999999999497159670221812372167858798838181135821138358618336
59999999945852256047409201564494118205217228839719386187252883999999999999999999996911999999756319999279349999949999999999999999999999439511861253079730755984429398055577833900
99999998968643782455498264845645152252037973692722019840446132946999999999999189999911317620998983183043114969646394999999999999999999939042419352134551076896541885303447285640
99999992999996499931722070076844490434987440379410469257815011747999999999803933289444516493077838757721382806915675999992999999999999913149957705158433524651718796554680919425
99999999999999999521958566636646083196244660153796849033239999999999994999931444373748308356422323645603898283599520599978529499999999999975243880291385003233312439305896920597
99999999999999994703419265677632538006791339798569741803989999999999949768447854563178503587845593900238620741428587634597412499999999999999999988755438215735955069143625619668
99999990119999996829436930894900174558876815819350542932889999999999991863228290364616104227352082909954467087878800422941552999999999999999999956792515650750325518968457240537
99999994114166198848108610387273303299713347602487924566999999999995770518327131803468576766339425625132934965516762015644991649877032999999999927436854386878319536242662644616
99999991495525397939181017150991535702695724027007102999999999999671332738993746933420762466680097136705631618297297949825678413841073699999999960706699167277999684833002374951
99999921551717956092911572095251324891421904072886299999999999997412020543843545970607290515770488155426665242578088246669601856075226699999999993990457093248289235948291564841
99999949431171613994770947310457900228932968461863500999999999681132597275892798706274378804343801779922807717599832763197982709990779999999999999999999906743276538409846009198
99999926484018687004541655568865658367692688833117207999994683298489571959362274075872430421690930023188994473261519936745937498040954999881999999999999993013929165367202104287
99999979994999917568947857719458711240850070083632999999987849437573731330753085782612199924998749570919557859083084277889837158591180869654579999999999993852979146215218403975
99999949999993643324312521022843356493580855990924999999999184198927830350528213957999999999999999995299830730898763595630241501705100081485144999999999950053501720988330907395
99999999999999845876125497833263888511106596091742699999328679590555454324731629999999999999999999999284712730833057353103349384552713284742713999999999693514112251664406623536
99999999999999313236922142870666216046877109525773799997584866452042650674539999999891713499849899999999930760187236944725767785545945912615799999999999836817499783413430708096
99999918899993590689423695771576379094773631623899999999966749072917858259999988514533437644285683939999999944584306938723657600918419393173799999999999999954222231860536337981
99999991162527356930172950612382748746371771747499999999997389540392261939999120297864285244714880793999999992311639787661050449565211539015051981239999999499999835160253457539
99999918889856937994240874949801726270107660873999999999121411927043972999983619107711090241316590105959299999792366246055145219405017143759786936652999999999999969211921516188
99999996196021365148053399620967005651006025043242999999262396097372065999961306044888884157727950487704399899999823429130104243091942044100254471530699999999999981171972711566
99999965934257999502909742943918795119131349181174999999981584158926839999793888888999999999256169743335474249999721848564758282827968716901979573385599999999999590481063318615
99999916992929990751929801772470558576622993748499999999266118795930319992337898888862413199992700194286224999999939695254566902024114411448111892699999999999996668979078229797
99999918999999453183640995731285055034004135438539999999623758689852949991058188888888829691999606995121597498799999146728320437311499571014437656399999999999960275702171050198
99999999999999990911482306136073880891208255391494729999939941942991739998108988888888884751199991197624772946799999943276173983399084202167261172473496899999999999475961285553
99999999999999985961477197626103435975665206573123699999999913442671033999371248888888888490729993228790957246999999747170478111497349095606679912038947139999993799996969765485
99999999239995081494222527655724512314258314794037999999344429210447968499934009888888888573819993448683314763413999895542331651683506364783019602457596339999999899999941961423
99999999974950374099984222794216548945334067770769999999999147540657997799998215243888886143569999070366058239970999995814810849587922969623380031497137627999999999999996971309
99999999927425469718972545933473149165001735064362979439999929082564978253999999999998818506449994453825104075699999992282463642342825783439787148198297272399999999999994747362
99999999919600752594936289377381470291878904536831942899999945668089907645276688888421082070599997175868123921499999912635934630233259451992347189103139399999999999999941322125
49999999995189526998024753709097346519325829587368285899999999937046576333119983361346633311999942544192176979947399991916119150048881417136760651647803999999999999999228922108
79999999995299915991589525651876185650071484707710383862219999946116658656122038380738839499999974938586911016245999999467132105283613707039758035998061499999999999912477681361
29799999999159999999665521112039469296107013194683423057129999999997843274624220204250945999999717955630238636999999999191208015274192929824458826324747399468999999993383471727
27879999999999999999870764374208342532246939620282398169759999999999699192940935449992999999929128222964217006938999942179550316241766772440445659470513283297759999999998246891
49731999999999999992130559631999990473826030942178562962104822499999999454999999599999999992491043825693248699908999965323573102598211358882603133583706157404761999999999932409
30499999999999714708354411358710253441737298927389994731387714799999999999999999999999961731575882262375204644889999999450825007688042017020251984204499763510785699999999999824
56999999999999990970959822406948638045575106905894381372868078017634899989999999999549613363372524617175440549999999999792023901695081640951782190584797018152351599999999999993
81999999999999996691166749110550469377627173723614641161106716715063597611299223112722982101758952852339125121999999992091378498574646281758305299772775151019297699999999999996
72699999999999999394974799162055839893082568459057294904477431699484175832820711919053346065223138820138211978999999921787684385041574453772090577957765372999999999999999999964
01981969999999999998999999999054773195752050815896270864623216639744040812395778007258486741970466940563479999999999446162850285364263470532914495601317953999999999999999999700
12525791299999999999499999999842059230792984464446683958345413783701015097090703975105145799946371458851499999999999425578457589186614674870577618824567773799999999999994994170
66899999960989999999999999993739273756426438334617099345272471003307566837414158256137761772187486363924969999999999107023253784128820767515049858663211869997239999999979412115
81868425345899999999999973124186076107352332445774413553833832222529572368543336345856184285678008073415199999999994981637880929170587357641178974356273559494588999999972543155
52527968343631999999999999927859434932084334396579099735596952976846086415349130612557562547973263729999999999952183340625938367822369471617900357751302297139855999999636999116
52598941321589999999999999324181424998367849881205004742862213311872549283352524657884449358269988999999999999934837832656839212384846043981221299418969132990444999999139891171
89689197771879999999999999999218999999954230983302725871094074871006316063304557026098485894794299391999999999999904669197569858276393745422103613112096675715979999999654999996
36759672184829999999999999999999999999937792337164334391393123729857928485907754432335212051748978576999999999940343740513103821704480117257381956233607557839529999999999999999
46048425017732499999999999999999999999970858789270323723122346076969798283421512982472642299999992699999999991815135087225964135913771320540960930886941706599999999999999999999
95157681048517633691659859999999999999999914589999947611892327535373844704357197242808379436999999999999969218732859447117210294505039307354890361978992389999999999999999999999
60534369493141623999434811999999999999999998299999995598792212995686674818158424999899914351299999999999773660358303598538037749897013770831503218271973692999999999999999999999
69608817754478334423804054799999999999999999999999955430209999982499949909985214199999999999999999999999896497233414633154625241598015205577911329282407105999999999999999999991
56661453166913201633378131299999999983999999999999994141433899992533735899999742599999999999999999999993071504716441246457470155693014174694654364590559799970499999999999994176
29082033395972114803375534399999999993749999999999999999999999999603025999999999999999999999999929477371143119320661483029538618415504046252286722704683891127315999999998279532
61470191708395043399143221119999999699962199999999999999999999999999999999999999999999999999992363062412066176449110271436072168173508804759298424619667392248197869999999906121
96782482843549255889999992101134999794891999999999999999999999999999999999999999999949999999999997174640012794881211902057066186630370266954607462429380283640006591899999999290
74470002103650745841519269034828499917184799999999993589999999999999999999999999999952729999990198404311324006250315302876909897709647078741173818192202238389093445799999999930
79750890262182101160999211149424029506431279999999989951189999999999987199999999999291777779413728303835080004772692655485566264787911699489315093305921724332687875616999999937
30930903574814589529634759270188977718172451999995968021819999999998989968999999999974128137468529381793325221952288059488715570017487277304325002776696669915931899998999999992
33992489826700976040015914580622037793162381257537993445910999999942749495864989329962152182728969463051908576768974509130115781259697942777841348218479999999145299999999999998
08756903029082234481799162648113087656166917202361999169177781442999427104577630282894320241258468128492351365470985542591178144206041479558310273339099999999996799999999999999
26798692544007627155551263372264847467324011176496941777111980514037752748225886157703368442579008417057521606134218511071632727028063032472896913994449999999299999999999999999
74944235523620176495844379755052367903104187128402250791674748568568647294850158491730690003227357348341602711162629804537005376510825960131303634431359999999999999599999999999
06756197255486243170024733136413054583474094947181468271980088779039286554155141915541655695539264243660847877740757547828734308581154476212232464799994039999994967999999999999
38492422587486184750591903971688947959501587201501884733622660135317631624735322699374771226961972740893181698964708078503456834516631349602532283992499519999898764399999999999
66625700923989908372915569296250706221201701273806776291405687071817945887012515295715093113253006184389040349941106951717959343373094444179999299292453339749977089899999999999