2289941916222494633644348871896262239731111251982146114788838389722497618382175359375417658913743275935133298758636281766712788464512444265347689678549519287327746886233188236228913531554547736956576559
3391634258191395449751532532529648291111111112753324881111111111115759847259799535456615463579641811111118486214888267432682396634111111111117691898779911111111995679796235382426256228449111111111111242
7455111111111655542991111111554719811113173811167374681112111111111583957111111778131282548591499118835117689561111113672378521111182868874199965678111149512711173431111112685511111179532111141112111858
1511111111111118812461116933137381111925958125871189612111117334511164563121111196665364365147119128539186656131411919575767851199898812273737283978114672642411127911182399475872911163457114774391311823
7211178437293411179562114394429719731136779767586544129453117877781134339121859117223131317675392118214574291513655318945925411967939571311118752891315854322261151156961681969511118422541411791795594389
1811536216771418117154851118522465969111847363322634775336921132141151571111145817598915619888319111352358839377437714113518818384111111859213729711583324646111162111313989334797664685329897115629556598
7411123742911117371712264311688336124885763843426759331825488392271189716811138543681913336111846211111866422457323518136385911111111643711112391918551111112116425441111111437111422343218978224579536938
3961111111111111119285948288124426432773933953575111111111431675311252123811114324744146779158292382116181211465445511543771391111871111119111151717149991431115713412215296891129911894636511126486652217
6444111111883181449583454141111111161391452231111111111111118517681159468191211723611795751173188487113222829111112131633174934252971371158819681113756224796558578137155281111113469191724111441115959388
6424688117521147594783367711222222116365134411111114688751115765769281111111111111117535795126883128893257671122168525111564168591185511524128165586328115565118669656171114815591175616811831748511932938
1275596983447251111149981112111111111125833111179971789647419979161111112215233611956364132511191564625198111222171727796635361111196111741192274241611171152272974585111385394988766661178375366984152542
1589386383293111111116675912124871479159281117423184587971698963611111512215881129653111684646614585396611111232151473174248711122111718725127858265812142115245414911644686497923177911724721414115143844
4736394827817111131591177311114493197111269111541222311111221988111126312217773849311121351387465347111111751232185327595811112222118619356398189943719351585493712631733391875118697811311477322699112469
7491111116784811922833596132111154473151466511111111118379649813116644712115494691112221756496811111111283911222111111111111112332184111545871669933411346178353119748111139964996848416178117457277114677
9341111111142429291213962933761111731576422238755164243237711397126285111164397111222321745211111133258566112111111111111723412322194111173115154628171111175852178497967537763149263115376111668614126723
1621132764112885793195434968223498163158373514329581111111568353191834111268511122233321371111899922929871111196968278777681112221195511114273863981711621111111133229388636442427584911717911935771248924
3111146146211444591387351115574921331381679922553111111111111693145771115491112223333221111221111111161111115188411112753811222211172781773848111167139486559412654662436756115588219719187281115111345877
7411265154488169455561111211111835811111111171281111725841121418152211447811222322222211111111111122111221255793711351231112232114866221723991112122911646182465755296571112221111583581816182811145464138
8311567759579811357831121111115292112111112114311215282683111774899726717112222221111113919319617111111121111196598342111112332184878228223111222175211111111178663727114196969111514921621464979822681984
6311129966661318192623121916111997121151711213291111629117911323552878111122211111596354884323628534595111112111156519155912222111111111111122222129311721711111397691218867581117328916585699152241388154
4951195531113955948277111657819451121621721212581111119258784246791811122211113438225854594976793382144347411112111133211111111111112211111223221122611568394211845548255888255186351267977791962628757878
3131117111993478419366811198598216111135611115888931111822782661811112221119912265196111111111111111164295995711122111111111712249511118831232211426251747284811835242413189649733672647297269111111115489
5197111116211164482422615111896663812185963115751134492111738159511222111478432871111133359877411511111117583894112222126133536968318826311232113435911252673421873332899568111197874456322121183974731954
4647261267153311111114543198111825411113413748164881783632375971112221184658168119424848225942113888388111117934211122119882411111176122112222185571995257316981289471621111111345571942345916935131551579
9734263972488111111111144946227996893811198392611111111177145911222211236737631513978377811111141858744518119223174112211476813436671111122211112363676726359271637471111585895454916613529312897993111832
1261879713111111412691138511985691495544823658111111111111596712222113354354419767594471111111438227611111196528716811221117215733111112221119745492732943382915849911175383451243447533244618593713118411
6843648147531114692257196555111111111834643781121747341218476112221176294415183815661111221195528211115727821766669571122211354683111222111834316391114176266378669775114811113922911111586584118687793119
1554981385494111668165296561111161111111131474121417841111871122211778548288719895791122221745176151492577511111119657112221448664561111122857155311271147331423279967711111131443112932116828294372675788
9184619589642211117473532479112446262111133445121168641143251223212826111881818888511223321147517958291878821136911177611221116487428117476639299881586611557247764358766474221481655851311615838943293881
9981148134823288211117246617111158498821112347112152111169511233218714111191838541412233322118747331311644911582762789141222211128551411163199143411598431147594288411111564271915458168113429461111111164
3719175883782117566116512936811118583939924183711112511914312233214562544311418883812233332211111111111546111988477893771123222111111111117988343215127811149993211121881114176414145731127898751331161157
1641175291118498189775112236611111111168274494481125511638212333218114998779727158511223333222222222221358911949611395152123332222222222211166155687813337112684119623763111164771338722642938314958961196
4431164351217639261111118312438262848463123886741329811616312333219841117956381454391122223333333222111111111234781125748123322222222211111325596152612574315595115244513211117693332943918342994822411175
4171113421212539511112364148649978711741114895718117611477212222211111111111436558957111122222222211191112213594683111357123321111111112181481559252222483416816942191161111522384293599451552565921565295
3881192421113174111186754411784521111111211111128319971974812211111942127511117748412387111221111115375812211656396211132123321639621747539464399991113381113547135819111141292326151111111668737619798314
4751175411143881119788998153331111222222222222111124987175712111988799272222111116161437211111346538871112221216491311892123321153686457511111111144911226167136997986551989929111111644411113888931156415
8242111111432936111815111943411222222111111122222111992379711111611157314578871111257345649511116111185312221148796511871123322112548175611423322115773111116593797653393492357117413621315112932854292333
9889611113592712911111131916112222111199631111122221112611111691111378816998125811115647698497855138354711111425626211621123332111641965333145343913283525236445111111112418521156299191751111598111116855
7617391665414675554278687541122221181918983953111122211112211111184379113362881659111118665948643319111111311942424117796123432221197994211492518111174623415111111567411136161383711981111848111184111919
3353791717119395437251562351223211772811111154379111122222218841899777118111199938621111111111111111111114911696291111918123433322119185811342161152318231958126796463841195681726311111277427561794981153
7669443141199411232294138111233217651196863323349119111122211574226482119379586217247621221111111111126859118274711429871123332222211446568231115971384168649182175265111693391799632553493694612298721121
8479753951134311549452821311223217888965534531882588936111111111446214113365511921271111211241527335361231117255116272111222222111111113121118411835611176212119571511122232482619895111111374937853111953
8476839411894411714412657651122211683151111111191619239387466669275917566958139281111121117811332596762211118691138749512232111178165725218855661111112111412311939212762542926285511112511119213162311876
7214359711411111614196137932112221154291122222111124724144839951157627878794111111221111141731369894195381164311741129112332139228518811111111144655122221117743152374636118536156811197576111228365822197
8915717611112113481123871421811222119135111122222111147565219863455437111111122222111525127391364559427891131112791455122332176974932111144461182518123322211142611167131111111155611862441147874235486669
1794817517111146741115451491911112211136389111122222111111111111111111122222222332163881747841111144363441313789641411123332134617337117222511368511123333222118768662111111111118211289262186969411177756
2811211271166275851422111395294211111111145927111112222222222222222221111111112232111111111111118115571311852476692112223432111796487193821113712411223333332211289231179855756113781114242166941119111253
1514831176514563711674711221143899121111111884875711111111222111111111975478811222222222221111196585111173299331241122333332221911346751921117986112222222333221185111242597981112915791111871111149921188
2419371127684793841177111187157639476482915288758548627281111171492352664818231123333222111866533411114311144988111122222222221247115818119144371122221112343322112211556498111138811823367399215231451479
2532984115892157461111114151111111697452876924941979373594421411111111912469172123322211146156171116593211971363112211111111111149411211124995211222211712333332219311536591152764183111111689777326511331
8817695118227911488511194221111111177539811111115913258267162873783211719258911122221113757391111195211153852211122111547154258597224198337112112222119112222223219741987614356511111111111652126789935849
7316853111337581119294466711621411119229311111111418577293582274331115194141111222111696459511477451112846923112211161328157194593817376617911122211164512111123211179338565856111114136751668261764444834
2911954111739179118357219113417111186892211428211192122111119485851172851111222111169732431112399112379139171122119762252411111189284737521112222112229411123123221654613766721111838764185333287359111365
3871114115229112117976773139963312136471541713131147341113893423111173111222211162891331991549911414814474111211151181687444111246669671111222211172813111695123321599681266381116176218621121246111164619
6421211155911112117454121459515711174219896128987798111747475711926411122221113137241144836777114481156491122118542711411114667755911111222221119858421118185123321285124611119111171133358919611121111296
9924966517358111112457711888743111364111111855639274111386641168221112222111356618414111112811531114669111221122853238775481978111111222221111718119341118759123321594731112123411111111174319113865671158
1535625625813461426587641313151173318111111374775361116671111573111222211125237913111912211681111675811122221487744683785111111122222221111246181954511127891123321635711122114592444137798369118355741197
3281342651838628188299379584142936871198811181441741151111731441122221111532779295452112119135138814112222221111111111111122222222211111991273112369111186781223321321112222219228418732776969125973281118
8714725488649775648477619924422411481836612137431712111159127111222211775897171842187121186338617311111111222222222222222222211111112211324611142981111383951233321111222333211718111111116375514791331195
7547611713121398817621824588317195491787212118598424752451631112221117891519346291111111683971111111134621222222222211111111113828747376611117555111112938111234322222222223221664111649451646898269111463
4944191393145175613976161111111572919895811122631614773661911222211252391191516377121118155111111138918111221111111113453167966546552269865884241111134497112234333222111123321192117836171164649916279678
7483261121195147111513189118551117338669911855354741313667112222119258117862219831111348481111136565111111111559298963832289111111111966589648111111652711122333322211159123322182116438648334391161721688
2386571184115117391156651713921159594172716692175811134311122221182611174341198611126552711163625111111115327473485417171111111111111111615111117636351112223322221115941123332112119518565989128422968937
6815311175118312691161471768911666118824942261173317171811222211715411152711386116662491111693711121112278556455443111531717197279312214431116392684111222333221111717297123432153211129598313145711114987
9831611231114314412111917521117321665185629311318332193412232111946115116116681129721411115737111111119688941111312111887982553787912112818331262121111112332211647795282123432126182151961642282212711457
3782113541511118376314111111323195157215717711762261177112322116211164111111111242431411176651121127545859611315411148156216622623111188227912717111113812322113115861114123432194295153165883928129151672
5822914655711188473839237714822511534411458611511741816122321116371442111757174751195111311111211543391115811294115475239519313311112195512336751118441112221132112511151123432183383141111113422131631872
1968236826854618556362157682314111118361177211396313935123321878411493119185347236723111219112215767711659116491131625111621111111159562996547111126781122211581119611163123332125621115146311137128275437
2275186428874986517312111551182111382121848581111182141123321138499747117636655811261117894122117429114721185911774742411111111182357384921611111573311222115449211241148123322128411434441441173788632157
6881334314723937741745586211198311556111857661776634781223321966759924118827467116361215111122123821175761948111957174135548411116388276911111972985112221111628811131761123321155117381853711627779585894
3511492112615364481189821551343861111169253148389527531233321557617423111287161143291213991222137571478221315815781211829564151111111111111146461511122211653936912111991223221455114489831111589114643185
9841371167774386654111156911587555543472147513212713551234321268111114511197111186281214711122165841156671682617346791764736711111111111978899929112222114246299111111161233211871214844967782537111111823
8431111122511687141331111112697818813279413143172249181234321663211118582111111514111114459122112592117761191312445349869981111181121614311136231122221125128711139614211232211656811269557718111237711711
8178328223618781147364417113521637817847771151611624621233321614575115158583141688413113613112218787911822188515411111111111158726191111162383111222111285282211399955312232116981671119729411279698115819
8154134734111357181773429423229221964296311189211831121223321272611111826553751115341111495211211827661111115816181111111632553122112188264611122221143111185711191183112322195816972934998116228191963439
8944428661161351181159182812971421173116965114961179771123321321111136711111111117159911154171121125745711987314329482635193888798117144661112222111474614627371114111122221194921118572461131955815546746
9611391111135311489984114691145831115211163211111188275123321159116648911273511367269841112785112113293646364114369177111111815327466458111222211193933433511111198211222211578111111144311364839595177582
8911851748111111837295718793161611111344773358643182925123322189111524419351384271125492111156311111116379645563525111119231171662315111122221113631882999119132694112222113491115935117211444929641816728
1518354288516211452623711637211111176891263592276685216122332118611117761763625222119135341111817122211115232128499419386261555191111122222111686811192525275872581122221185421125769911851111111186427197
2115254836364564315562418683958989791111111199111117848112222211991137299781119358111828225511111123222211111148261319912251111111222222111141715246811257294865111222211663971121723851225971561715111675
4124291987733889124788116556217435911886918854637451111611122221479181346248411263311161267124111122222222221111111111111111222222222111175283358956411316779251122221117273924112274811137356526511441677
1111951511344381148711111196355445111685238969828718119872112221129488329681811127951111819181896111111122222222222222222222222111111142312593111179611386467111222111722956394113617661189452353816541167
8615497129126381111116913991712114391118176127481111144814211222111917113857831111381131113231421481781111111111112221112111111186113766958711111161711228811122222127919255111114691111191279676113421116
6273131473617262911348878185695961688111111111111168192986761122221189111151662111115422114224811114294695624244911111711175788649485195211111114847113941112222211185952111111591217411627147183436321172
4368851732656121744479631921793913747726167112722669668251673112222111122111811271111111117326665311111111111613727852826411111139688611112111831724272111222221112824111533115683718756492481524938151352
1487321178537131119662261144481133473328111458623459487316388511122222222221111191922111189787491632113291221691611111111111172385511112211164868281111122222111712811176241142126784337651911144714311436
8118859118911313858287713111113147844573611696368111112111837313111222333322221111159312873193711111111111111974188531111486644311112211119567561111122222211193687137352591697622956871544476134841143233
9375187511183584955344212175869385811111111158981776831111317493851112222333322221111162189471339771111111156956823526124531111112222212719611111222222221119625111357198115183229111111121451111111158166
7838111978555576641111111534748518134724311581751392239371185711228511112234333322222111111127733359378866291974251611111111222222333211111112222232211111121942811111124511953111118139641265443679852281
5912811363783143111483865213767333721165162352248855952521475172917885911234444333332222222111111111111111111111111112222222233333343222222222333332118417766614489821668928111114597662686955625311111587
8234971828727256541154735573118292234334569764981491173783279318852293981233333333333333332222222222222222222222222222333333333333333333333333333332149121665361222342556511741111463311116361776116191331
2135781119149581214111197221314552211111111111111111111111111111111111111222222222222222222222222222222222222222222222222222222222222222222222222222111111111111111111111139559111111111587152261117811246
3296421118121142143765111117789431166782511111111111111111111111111111111111111111111111111111111111111111111111111111111111111111111111111111111111111111111111111115111318187457545988413955151181465568
8991331893151652915947946442856213138336177515152583721834845671215959278711933665967373492471426915734883117264134284371815317569852489125136921138714213527645115793442127653954841111111118871122915583
9979118954911658182315559949643263355411161932361111111121175311112936516165671111656518471511111866687832422651627488711111115547111524111995647622539111111112822933111111156386311874755411759129578781
4216338994311111141227541116624115335611119839117857111113611125111119915111111111111838191193285111741337352111333269111111111125829111111111126744611111143811617761114831115194119598861671683111712849
4745976858319151114767173531119714357186951271978359661125118744641166487155448217121595411594288419248713517999116421199453136118731164496388118448611183152389455524264996113278119582124111451592324193
4153619731892554721621516334113321113363611611218977111336151521111889128553947311111449315515658178782511686426115751194964522634151132132672127811116281856311968241171319914968411112315641665379591844
2611154172487746571133956111166731113292112547856948134228971111831934471756111111937821623113651395712166117727211186119717567834771422312792791126111147611222849147128218613547571135112273523215828285
1631826121718649285641166351927383191141156791911113687611269669183743264226618633189771793519114411111114651159173421141214636185435665711871152265245311124362255649525248923487157667574516592111113315
9181489146751258554612811615212198449459413885868294521615388184464742745487512241916311124457413114945811177885395646846126321158185563751111172285196811887723611924253662117141877111682637951181911934
9451542162274187221155831312684111111174266833297211111111111961186111111182431111581181111111568182852551784342178743893786123177542111479213411118467117148521828113812118673672133111741812691543411992
8741548446956185912413511561383959278134111172851586871463711647111724311111632914567752917711317415499139152618833886932725361152857173835916263113156116848743146811188192612144937581928811161517611866
2781179527931267371191115679388577745984581138762823647219116888541165681113383855113195961118972373231169329631189199173642699116918126282136111115245711118117355791111187157811332911278221128337114449
7161111111113246377111196566153911111111118679868181111111397286645811111131341552568111111698252892719925471649111111111681713391111146572559283669738314111155691191563593228336911869366355611111193975