6314535917187436567364678572119
4929839894279513748283646114913
5541154481887393522929257519412
9372598861927453428373929446615
3478822787672926146374753944229
1675941895384848965575146664116
1849668343648967629236665659957
4499824966519331579282539219497
9263121167681835727149916466613
7688164774669347161197422733239
6186921117259219613686843521619
4174692864151487965923968436726
2133579434451192562984381648429
1879353411418549557433612725295
4655777898426634668681877719919
369338752481838@395757881652656
9389321173225643983543522445842
4717899376263194132764935457922
9156155968979269713514429778741
4569156955372953544382134995684
7413123827741135633126762346212
4771571341393363321953685389585
4672859812732281776938434991368
2263571278641115174584765738894
4214262192718685129575312844973
3991465185279199527168184656438
2859451311768764814636492489684
8123718759233137232268766651484
7412186379249863168418796988414
1583818766929844439862742689786
4216533746729296482176288867657