15665631637625324462326313867677221748374665721638766347174617353712547764237766241668584346247824311
33613436535546871315151862143581663878333176277626657856616635343712585884271667527571287785461732342
42525817347526757216154587262253188187763117532188182275413453837661282754787445625532528823447766536
54617682184231522687655181868724575788334351132427233551357853418545277868654755621114345325876337741
12762821276133583833167553338763731266477385814528327111556741875723828186473143331543248636247215553
12665178226462843384668324835236783355268663254565173212841366752272788556433118288664836327733821451
21432682855833623345722828634752188365783322476674668575617344672515832574858612636543253166771541468
34773533118228731443415717263871865248616665321128546787348536383311834676485751272127161133251487414
51731888483157812558485563153883357688215432428781518368455831513647684881812551123262757733347823344
66764446138313773628576733256528735538644424318557227436836687248263547576657271183117823362826867245
53563215473642582184334525432642724443128351387561142215877847426177117181734151317711634332242416886
38722252878871871274284448387648651551348366756797897586649116164427638526781273225212334171664326253
41278233835753736356768725276857687575145747669964667987584678935271435137316575248238887538557175713
33162165561687162233168423582128251285649878765889596697649947858827588582812285385226863475483328838
48153367356176484666665556762454779467997488494574446649986984694979622525131456813141161527516738354
74332815286727666552434521844242955989986797457887989884877866597964743461785555255452487744263561331
83648827684623116825757516847149847984494594575994976895474656674699579942173575827227282546841455576
88873838125567338712235671217488877455856686887495699687978586755778554587444738314238285467333262844
42585551678548848242246842199476969584745997745458867694644759864984744945641273155734771342854572255
48751583725137141126832745554556784847584969597946885688587955857858947456556525558513635855324122371
41682858627232387722128828477864578574794794747584566864944954854774456456964513428877681456156784313
24182771166656251858788876688758495497899985567687954997675476567869976889858978443873471358188462763
28323834115748124131589445794977989495695466557488956685886968468686687488557858264488287461867112767
78562242453265417635448986576557998768979999978897668445498678874848874699679694671816315846812416527
72188878483185618887784496485778656598497954858684465555996546855579585794847947535761216656635158387
75651846753616767575785598989976745587897779984998674987745447658574874855546464454453272236485214143
46753175533472486756699987565584696974664845559494496884465947994766597449475874576233167452816687225
26566752172475517465589856669468896575786588644668468868784465689954999749594488959734688817666123477
82638878455681612667557484996966876798949667655444899445876558746879648576446687799492275615172661626
46351716156648674694647657874847568959568644564977679479964558447787997998754598958892845476578773168
52687632276755218759686879568454976584786897545857486978854596847985486999664956947758348625783265668
78886252888548128758769878976859459768778787786564845486647566765548955967754898958798784581543241258
48458117373263889896766994898864754988869496486686659546476997599498865468488867946645617186281772725
26183587156566787974984774997894788556447458556898849449957974854896896695667459895664412755823653127
45678884252431876795646966747764565879485464887559786799579574489785857889674656456697577338561371288
64733345341821869498479856777759875948588444968867758665854557955576589449698677944599484455816177531
48665877684285957665868697448484779447856596858656848956855464444778544784679789545675968737566645538
84334324146169777988967796576555897895645864778669577687994945854488645877685997944855646571482583266
23522488213826467594657744745687985554545565975777775464675655856655748594656666767785477615455414172
76362782127446486486486845755667665588784945555698497488686664564579969846784555785787487434878336287
74141138612787447974644954647574475655655654784675466666697769887854884957967459458555455733168535482
76652845431579698886475666888448649697596845796985758998487966957977879749987978448864464745276778252
12728247827865568567454746968965558797694755946969945654668965567796495646996859479968855636463716685
35237565463667797894777758775465895867588744458495468786557594744586775845944474684788985862474448142
73714325652488668666855587957585575986756759455746969454464854698465955597684845789585754868246631512
88672577644698495669874449746589799567985957846596657998884646978659877445865789885987767795743535267
15888654247444495597748947887946765658598696876769469699655879769866955764455566587697958883781418222
12614146354844756495789749754765495477475469696986678459776545576866558698789794697787669692335816387
83165488865479899896876845497554678484888678988655966677857776987566697846767499644674998886224711757
26455342126646675795455648844964864787754884448954966858865997687446867667685787557744764463674871147
53663221765846999479459869556455449875478859885888@87888749884645476966568647594876677976568856878673
81731448725759969754646548699475456445867459489767679466665567476454868878668596974866989842741835211
71761467724587544688686566699659854787596757867794597667675485845687665945894945986955769958724462737
24178314545657875769869864597884786569776896879589769455665946795777498955967749689767868455425857585
83361846782645755866755849875765689944696468695888594967585868684487648656964888696748894798676751631
86524776631744454955578484794954876666744677659885968484587979547489754778574875994764495841743566267
45752688553778658848498496496996548895877996684587667948659697454847475589756595697448946986624325516
75537221732997688475844664856964898665554996579585684567545558645469987959968445946656497984245333722
53711214316946896676748455985986565799458564589695475966465774989697465458847546558485876882368527726
26423365278457678956666854644567685979794788898767774585865489869996554469895898856694575616717448535
33274246471498596547746554876978779867866746659645755589955654658768488957875788956686868573274756527
23887252845367894859778794949489595766687445747965648695855595496887579558586955495546946688245562176
31128282613155545778776848448495477956464946689598849966566849684554865454897975476674696565768138324
32872416526546848979758758454458485786548957546644854595596747845555944977598868957889568736838487232
68534164324676886487789549475479987596589747896944657558759448977669797459857459477757887782456382861
41846836556365897884777998997954578598947586444944448794757555895687798975586479498595654163265812413
12811122612566566475599978489499646894548574478545459746768544979448474789584444466484842626255317622
34515726223476588764478449488587945669648644474658449765467947849579778865666967749579966183423771128
35434334164816859649555864854564588644769858568555864665887446876878998467444577954899743452211283173
57586845254135177566655649877464746845887596447775769444664879845699796994757966894888452648721822153
28413117346561257656959647467969954649464757688995965694867656769956794646457589558649823567624771245
66551711144132735755884696558887459855447894797944695679954998449675594989667967885546614752641248278
62712221637364551664984778866945579679699687884957764485555768794496798448875764588741533723241186538
21285824783555138548575869788948665689965545457865555568489645696467756579788577888444444371451144573
32836474884272776378888675745657846744484885746999868645864869775956796775598798654537681215568246727
41242821333772274217788574488596558476678556695579779989894894564477467655687948578147542264771731888
52251228715378745486784449887745954489556987844775957555899977576899476595888895663433576568737781352
34363333671124623348346456667848964886959746698674869887787669974664544979794676473245162186575311577
44621451257556433615364858587877467568947758579876646479646778757548679768488448648766764114868886282
51612852612317733536878667457656764684448956964885857754746846978578676699775445556276846577671844225
12624845865872642676633856745544546769449665866478498595756695969644897964754962578247644237247287414
17313553257611858466678255546959949945958787647996999764684549847986475675999567785244636276443347728
23174785373823384456681148479999957957444985567795574847777986967749568465867746811258741156813318762
15241146421423618741637712789686976884859765665865549847686695645978689684441418312558224778674671472
78233111653573828733142167477949846979584445565679769899484946958578696756866333485434834745364418567
72164187713224552776115635824699689746748459644787946864565485764554565721514285413758657415572162268
47132147677724228237553643661366896785595655878755654489655589869758967786634613747654886626125226133
43343683221221381352576638428843727766566754566945584794488797566489144573548438777251131783877346563
34172388115521566885815376133614535656656486948647645665488799846732814314635514633842283151163671234
77841735874463236553572133646542432667364499976599494954794678522146463376128747133772164763811367827
46333785865878558232787878335535213425627315894485495865878643728871112647477482588486881578224341558
77752783534368644463361226667663455588661311442387877857734216548125654466516173726654423865572287727
14315131248867366837472155642228238666252661528581866451853185628576213341247274133581413777632338145
16537333443173737316465516723478513882634672726568528658552426843112251734577487631835223473115431425
11536422527353862371728716445318668475212366366318882653835681735688761478716574844613544447874318477
35647331568417484815865746477278322358778715117857144743845842427262173281767777562558662273734543164
22525251673333774226143453482335872815478846432382466363134478773687487433656454643858336855665662324
46228622455811245413581444768155621475866218322131876186476314657622653868251632568281367657882727762
64173275553523882182612287273782882862476867753463872732533735428436524385374721443646835681765851743
52641635612887816268512776736162546385568655118363747175513453768461116478356615662177145211555642534
51215446566571243334287646156736451521881587324377176858775824537727722716672641224712625164181652462