5685447548568458648887465585768558777766877867866555773533777333344763667464343534377667356355573536565764568745477885574745858566768864477577586675867
7566564657747564576457667774576655458686656654766443373365655446576357647766453375567353546573337667346556846588756757766644766647455478647555777747584
4878766487554564646688878684844774585756757647757455457373474637356353474376657734566757743735676644455355667587847658668477848648474684776874478545766
5687676565568587856686545455668454558884775345356367334564677535375355465353445657456673535473753645545436564587546466754486664674645856655774778487777
7857855748866868858764746785888658776776346436646757774476673656476453775644465474644476633464637374364557747436776684777766586577457888866566866447467
6644467774477845886685577678688646474646746574337575577435776567466734475633366747375553756646556436574643365565556865567468756854874645447475656857447
4468888864585668568757485767874577444334544763544575434656554473667556575553535665537637347774545775447376475336735785884578557748466776885647766567457
5448756588546784588776787654648864474457474663573377574634443575673334563635375767766647465356534465576567375636457778754465466888665448676888657566868
4756887585664476767474884648756884356577655755644366555546755657457577343111111177764645356777547563677473544557573455764658558786544688668655478578847
4848476577455565454785466558768775674776644777535373363675443736775361111199999115774373456637773573765664446555567634535786884854845886684887845664676
758466865766765585854784468858773564677376375657446366353647534347635199911S999913737757365367647343375754735647536463555677587654484448746477866667758
6585575584685648844588888744457745666654465674663365744644366444635771999999999914633365474776746543775375767365765676457547868864448664755647585787688
7764647588556866755476545685666564733653657365647363366374644643556761999999999914357343576456534353534545536565656737567643465866846755446747486787685
7687688745745554456777854744336737577477436456643667357747664343673367444999999314745347575467435666376555336344547535347335365868544587747654876676674
4445448667847486868454675367453356476357777334663473433437546547746363743399997317656654633433363777775635453464553676573556467475646656574454664584685
4774484477466665755744773637335744567775344737577443333537766343457763546765473556347767573576445636543736473444657577674445334364475656484684687587445
8486747487854767564845577636357465655773676775775635656455676444363364765535647377363357433666657537754553735333737567377333665365748444648677584455788
7667657758765777448467755453374766766753345376476436736576674774733533746665656663337446637555455576447343753467543673434347736356567565468466548874566
8866556577687746566733666636554453347744644367674733774633473474364374377754377547746667645434665553733646373565445443377357333456486864676665656444687
4567485677445888578457463375736544634344765535337376766565643735635644456434666437574375473377637776736535643356747745444467474475536566887454584745875
6556765474868687755353553773436375565436653365465576457365533357573556366335653365456664566557557454456357753343545754336754537773574754467787856874787
4455754557577687647436545743376363345345574536556647356776347573776563376745566737645773435636464565675736376557675436366636665435335685447467468465884
6658565545454488737563333356636567446437537677475665464765655775637763377343653545646655664553654475554553665764765767643573737447377765557878878888467
4486766754564854366637373355353555435375665763764376533735646663463554535242363456232237737743776556634376755446646736744757737533365776675654775477756
5477458545588643633534357666475754673375535547366744645756474455543265533256565532362542456367645743437745664765345345343777434365346345765454645884786
4745467878455733755646677553447663565735646676734464354535642363654566563444446524263436656526453434435456755664544465353376333575755767768875864646566
8667778676646337454354654567474375766676747555355346774365224266256353224644426532226233226444233357437366354377656453737767475374776547576776484757587
4575755854657366366456564346755474567536373664454766322425252555464333562266254462535555244433454434335454635463663745375474764644565644536665687484668
4854557458543364747664473334544557355343373535636645652224632532353233226343644453646245254543244564343653375565646356633675375533754646457646854676455
4875787468445376754477674754767737454343565736565226435256452645666335653234364225436655662443433633644674476436645574643367464643375766656586545477884
4855557788767556553653675454676447445466643737524364625652634553465223465666466464644336362225245234546353657635655364564545665443575653574776865688455
6476784577646354745645434367463674373774346637552263423556553642356343665454535526465422456665533646666557676634646775467565635777575473337763477448665
6686566547666355733444644333547377765446437735264354534644546423636324656424523643553445352665656466263234634646335467434735466344374674456734557785668
7675487437537557754755666545553467363557443634344255522262562346446436262563363653343323656355453224563466253567375464556333653537574654654356676567788
7744668377464734556474357757564553556346435636426263233544264543452655353554325566223263436334663654626232352636435746366537566537646647474336566774588
4748484366553763576746536676337347374733464356643256563234466454255643666346626433323425225426235364462344643453657555757534357765475463655454757856847
6468464764363455754544654663345677474464544645626442234225362335343643526543655523333364242232564642362356242653467736773734775773534477735733674847556
4647666377745677743666645533744753437545654352365444323526456536256622546662445363345553253463552344566555566435474775676446366537735745744735465854567
8768756557553755647356736346574657667762656454424523636433322336423642322226542553556533252562644536562442442546664564776634445345553746573663446387646
7847655575637766663373566774453644657566356555463246644322652555523662556562436423365365322644563243535442256435436375647765436737337446555436465644848
5677573557535573474577454333543567463462236623333523534224525244232242536323655233244434635525455663342323665656535773534376344447344746367553756776547
4758766753474575657656666567746336753326244345344663354534652633454554352642353642323636323652545266642342644664535247777667644554333434463566553678468
8764574556375376754534565576357365645455536352462424524252325262453545555356626263655425344665266566665662544643363236375747475636446576437455457764456
4575644776536544654774766567764762324336526656542525553535264253564342645446346525655664332552652466535525654254353464643765554744746436633777655466755
6637445546573344566376445657456732554334356632624453456633326436252424525235264563343443326434236353625555634422542264544546443376455356366646445367354
7864435465775533343363736546364556463224452264662356646252652362634552263542254655263565233622543232346224234264435362243775366545464777363776537645457
7335577745633636676634367364737463336355456424344535345332332362453326654652554656426252246664566365445653346242553442634656543477354775346754457574376
6466445336363375363647337747563636625223445545622366623625355232563363234524563345224354646432254325435564433642466423344754477354465753675653663353567
4655556376336537636664767567732433553654562462434635236433225256426254635246263234435332262662444252435556424652263246335743773633755745356644547363445
6645766375756354356657656363652454264443453223255552355346425224245234442334334332325646236363556262453664353244346265564553564367746776346377466335543
7455454336643734374763666766343462255326232566256566546643355536454453553445424525426336446234262545345552565465445262455365735733463344475463437364344
5344443564374367733565533365232466433664234356325646463445263435425554443534542544425323265355426323532454533453344355323436674653736447637633435634675
7733467675464673455546363446236255234244324233353544652226262522253442435552222424545543266623352325224642545456252562545554573375736563777646453537533
6563733575354463357377456644633636252525222355623632346255224352524544522322235254352433435345532343546456324624262355564663377533465477535544473443554
5433566736443737563754736474346245424466326234352235643263633555552353354235234324434252225363624564424335252263335553644653766336364456344566344576333
3445446535437654537533677666436554256243363252563253233323345435455254353534445242255354354552642366355325445352533544244462277455446553646667665746567
5374534455457346344434346344633436265625542633553544335454332235353432225523235524525334422434335344633544245255255425326332647333335545477657435436457
7476335354674363657775553646226244435343546654533244346522553553555344352355525352242343343323556625333553556433436334264324343463573737564375746754674
6477753673363545357547656356552566365534665453432343346234233335233224522323525525235535334242522342236354354326426625423226526456544573537355545677465
3444474665576477567674456336552254324524464256325262634432553433324234443454332533452454255544554365446636456432233432235452446566343634465444576557365
6363377746676464775375466625464456234263526336524465464252545225455233432242252222523444233442525232336232665324536542464236244664333734434536357664645
5737337463533367676444374253632534265562462425363435653422432343422553332342222222234254552522452464466625343362455635465423345356433566543456334347553
6446765643763376365754562653625452435635662223566524343342253334422333354542353333335352343422434334252225452564243233632232462763374555344435373364754
3535354636667657557435355322363233436254265425644625333233523555443424222553432232534332323522524322432435624664535644326566465336365674464466533555467
7476453365445745737653544446266522653323435526534255423523542323223545252342355445354223324353424435235262342625346355552426223565577364733463534457557
7335574354576736546775554432524444255265434255636352254253355423433352244244452445354452535225225244454644233435465522466524442273464363547553774377637
3353534644455663344375324263355645646435662343623323243343333254333523533542453544334434542332453243324556322622623545662234265655333376743655737747337
7633566734443747345674622246464655465332462343522334242242543235534325345544425334322322545234354225252235554644452255254626444565444346755457374745444
7467564557474547744437562525443462653526236234522333533453342554555255234534245225454453333453522425264253265455225432235234556643366444365547756335654
5534653464445376647336666523354534356642556624655545424234343332252252325223544543344224422535545343325562532242543454642542332363436655576765466737664
4537665477636573335365622542543533536233463523265452544353533545342422424322435524523535523543425335453456633224445662626264222663564573375767663647347
7344567565366437335335456565432436456323354354642452552442325252534523325232435432352533543553233555224346333523624444363322624534373375345436775557377
3554454535443673744365754326653264235634346333632544243522452244234424223552525424225433352444455524453544435452624322465355256533774337757434456474743
4465353753356644535657434255222466442245635634434352422324423252242222223352535242542452543343244233526445563363654323656565254234655675746534675436636
4663735546453343577337526325444266434235243454224235322254423232324432533545454354422553225452233543352623466455465554655242455643634563467353445336634
667746374447345434334546255335363445334326325333232244533323343425233345222@244422342235352453433544325532252656454423445222335327477647375447635733734
5347745433735744777557262533242442544653544332435554544223435343232435323499953542554445352352333555244365336633623263524524663635337737455375737564675
4334735535454663356765443655456566352342562562622553332524555535445332335599943233234352355443455545353623563343323362554352663566536647557374656745735
6775436637775653647676342224556244633465644423662343525322534254225435325499943234533245422444434542233636636553665254632233632435774576777644456565433
6357645753447444646647344246436655322225235524252243233543522443234544552399952522253543334332552455442226336652324333546453332446675637754553776656446
3577747647363367775673546336526453246255565322646224545454355443553425355399955422343433545553455322354622263455266554646324555367367646434766556765766
7654736446744736466565325553332445245632232562562253322224234333545533325499925524235444334333533352234343664232543222233245244254646445647747444367676
3467664673356775754573334554342432466465635252343445245333335425243232223499924332442335545435255524542543463543343444246634663433545745366453453346764
3373363357554666747354733652352423562263233536562354334525324355524342223499933542423452435522324423532433264445446253546622222643356773767774744747473
7344347756534644747475733643456626442664244344363363322433254233453442323499942554523354222254434534435555322324365223664444243657346375536734656367743
4446355534656537754646552552346446325624262256553463454535522455444223254599933334432532235523424334356236536553424524255362224453653765336657576777357
6655557465435745774544334525632334642366446422566363242335342545325454334599953252425522243542325235356235562356526235654666323373474754643736657477737
4345735744537676763463356364524445552336632366523655325525254333535235435299952345234242554222454422565452655536544435252564565444337455766663544377665
6635737666645565665375454463652436222536266635423455543554444245523223455399935523353425533343442332254323245355343324322355242554546633346455746433566
5663573366645356345674433354664456554332523442442426552352543434224332554599923354345422455544332425223423444655233335633265264757544346333736336676447
5634636333566534437746745333535345553442555456453645662543454235335235234399923533452423445444524422455445233633532366464656326533777447336567555376544
6537335767775737744636334243665623656432453334434334225353533234244342532499933542453545332244525545363445523523436465635224447673556646477356346777765
4434473645643735447634733224652353664633522522455664622445342544333535524599922242542532244355532256462462566265423553536542324577473633747774464667533
4467344745643455557337455443623532553222253543444564662424522242455242433399954242434552533453543343626635354252355556445265443666463453363335445744745
7664343434634443743657347624665653244465322643525362432365442324545352245599933454552434243425266535246553345545522425236622455574565436655457657733737
7354746736657543753464744743546463634225363246222442263324534235335552532499942355254422553253334633533662563463234643335664347667545773356576565346744
5577744677737347465737364734653224624262224536252335454242223325233225242599925233452422432262656656446265525336535534664564455343375465634637767773573
7563356574564436736767537532423225454345262432326535662626544422532544234299932454533334343422442545666355354354266352345662335356577676573675364653764
3657644544563757764344377346655433263633624223252252352365546634543422425299932452354254323663423425543236446235352434452637776444675553567556473464766
6767335457555446476355744755436564556436223353423334323332546643234443453399935253222355245666525626352242352523545463546467473536767355344444734354674
3363774543643447376673435734443252526625436244452325246222565244264242424399925433255534422652456562324652432262566446642563566456466576756366756747675
5743457565366546456564653737344552663662426364563542543452252346534434442599934246435256456422625533635626424556664654366247437735743563574456576543465
7544354434733744543677773573733444233425462352426463654232563335445552245599926244235343446543332332452362325634344463434435576453554445354333653537676
4545644747434466464534736434652436356642325352322442656556334425332256446299932236524652445245524466242623526256256234243347366677665345373344545547334
8664377654443644564574565647447455634666622655432524226455424363633633642299934654645623364636426526422446532264355345634563433663633775477744435544637
6475474446535744667466734467473523365226535223455356234654454453426232354399956535635656554466464342355225635424436244343373543737566774434447654475744
7865733766434737376563575445735532342544556264234343333426646432553224456699966522354542446363444542363646345632565532474756535533433763357363475473447
5685447345457454757574775546445462644436463242444665445426556342564326422499945236523335546563335265323463442434654342445554644554357656633346774634756
4564476563766376764373733746345535656332553362423555423435662225425652436299955356634525245462522565366655342526342463645744473674557357766533655434664
8578567453537453575374437435477334545233535564654534262525233655243562345699962465342226644534563666225623343433562237566573646456544353477373346638855
5776576563577674457633574663656433766622365254236326436563223563226265635299953562244522444365632225424325624433536355756645763555643674464677763546546
5474676753534457363463766445675644634652665463536452364464345543624642636499945322444655624433624363245324654252226554735573633576636667563535336356657
8568575346753476776566444735775374766522645545643424454364463355553526655499935542425232333254246365636634624525545647777336477755555577475444643565645
8444753573545764465757334476664774677753445246222325336636524326522562642599964244624324233542563535564462334434447436655743456333344365634763346588866
6657847735767334743335745543377663473756234662326626263326622653256652562699962323656556554623623664565445663256555744777334347344466463644643534847467
4865667457465777365565463753755575677365663346452452232646326364264466524299943536422465235222566336366533464436574545633753363454567436774445565877858
6848844577633364466467567643473355566454635543663564563224554433564232546299925533554442233422532662255353443365563474747456666367353557354456758456886
5456588733453336775756375473333635646457446434225264442426263446663255445399963626255432334536344623626322236657357774454373446574637543337433777468874
4644654664773475744353475373556463545335577433225635626536644252544463346699965666263366335326256336222425243646765466753474453543677636335343765768787
5866644855763446657644543737763447563474574646262343353663266246562334552299926454252626532462655324433467777364643355557753433553756653477675474774646
7666545648756377563637477346546347435345465353444625652443525252233635353699935633526452545643535256232266767753364355355773466336553735374356544544777
7576445484445677357533343753445337445647463456564245456263332456225426426299946235432534443255454535535563633757576373453773644674334676443764755476676
4486645878445334534765756634637656635733367664364733664256462422224665345699924565442445563626625533634337366453635546564777655447733475747764884887645
5584676884784673773647565436557676566474655745355473325322566526453622353499952233444252535256344554437633343736743735357575336537435355734854687545577
8548844768785566346346336347547367456434447547644453646524633432265534234499933642345333345426637546646653443633655365455647375645444675747586664644468
8454448456464573673373656364335646637735537435476564646437263334242265322599962553526324453343454647447357365377543444775744374376446356585455667857544
5558644658588745476457576765575646565635564675354344753676546535333322323399952246562354567463355473636476554575456747563453634665354545775468648874876
6588848767665873774746745347775464756535376774547467333765466457443546563499936464532474347373563775775664467566677666634554773335773437677686688855667
5784474676885757575547345364365335743573653567346555747755336756653477746499977674667745474453574556337547734734443433353734657565676748844778877446785
4545865566758545646653675666744344343655744564436376467576437636663454344499953547655466437653354346357775645474574335676747655473744388644767877886687
5876864878755865476776456543355446457766457377665635636463734366474737555599973333435735335363554355567543367757374534576635346673347854876486455856668
6554568556487587476443454446456656373764556677334763734565745456365573756499944576567473677647335637775575376434366555476535363577578766855788555456866
7786664878856588647536736374573366565734344574576373535447333643637755633399976667764657644366567664467535674776657447656635463654584447686648686676455
7884747486476458848545446646654645734556364653374646355447677467637455557699954435547766355555654545656574636374763347475655463337856547856885757864866
7465546677877784587565667566644663445764335374334635656636577733334355763399956577543353444775576565646343654543355433434536663654657877886564586678867
5556845685556458874768554745364634547747767767553745376665735757373453357599943547677546475335753357454537674334574455346475457747585676766874557755678
6784478667667585787788454773366533553635534573736576636764747773673337656499934757645457433465774767567765764635477657456564364657564776457477845876767
4555488768865886446876746644345655435367755464337744635334547777475364734799953744656354666376745355737535644736745576743743774474768868756755547678455
6878688475556746874786675555576443357465336475557575565776537473737766567599956577436355365444347634676336777655667373455664858844444464586767887768646
5655778744556865666458788885755663366344764365456347434345747436435645635399963733375445775334563775647453574556465365545756445658468578745476665785565
4864775476485558756788845487663473753677477537565367744574534543464343536599945754766755477544465433366447336676543366645488684586765644767765764768684
7688575577468655786874855567588447737347774457475446536334634456533745443699944364364664377357564557343735573654653433766758648445768877788776788686787
7546484674466744574584668554888485755637367547643744557665366354634545435799953463333376454767647353575367374655765367564878778864754745866876884857557
5868465676646487466888745484546454564366657477777466536444574573773436367599967574667467556535733574766744646365457454656586754766668776467565685477466
4874878687746867784686487676476866676745756454545563775535574767776474545699944556365676533364547676647674637335757776478687486758757655777465876458855
6757446654664887746478675786554754846454664375346334747377764765763764653499963657453744573574335777545635434646376785845784477775658748577454877746866
4775865448467556486784646788578455458648665657676533557775356657355355457699977633557633465767357576556567476545456568454746876548657686446847658854477
4744876477488878584754867745544674576544673765777433746766466464347366676699967563735746436344745754656446437568686684644884854747744558555548777655854
8687844558758765888855546864557886454557846643557565637436574764344634355699947374346456563575665657754575457685558846447584755487888687577655654587785
8874754855786685854668486866787676644474546554535675437377447575537453344399973374475367555477764736455768757884488448576768777755644788887567466685645
5678867885768467468448757648687555458846464664866555675654364643365566775599955543553646744363775467348854584645648775486675745566466847564675846867775